(array([1840, 3098, 2419, 2232, 2649, 1599, 1417,  977, 3274,  798, 2012,
       2069, 2576, 2974,  466, 2856, 1016, 1235, 1089, 2094, 1204,  208,
        946,  226, 2951, 1942, 1989, 2622, 1573, 3202, 2956, 1555,  263,
       2197, 1172, 2584, 2134, 2098, 3037, 2372, 2998, 2020,  265,  331,
       2151,  942,  996,  175, 2213, 2564, 1321,  228, 3127, 1213,  211,
       3296, 2695, 2497, 1840,  661, 1053,  442, 2526,  639,  790, 1465,
       2898, 2433, 1800,  286, 2643,   44,  395, 1968,  700, 2389,  393,
        808, 2670,  340, 2777, 1927,  592,  718,  803, 2058, 2849, 2538,
       1335,  564, 1213,  406, 2215, 1702, 2851, 2773, 1249, 1087, 2477,
        445, 1434,  127, 2796, 1943, 1627,  864,  392, 3050, 1438,  146,
       3089, 2447, 2485, 2084, 2285,  475, 1270, 1085, 2585, 1798, 1988,
       1087, 2324, 2448, 1852, 1351, 3255, 2995,  579,  156, 1989,  696,
       2207,  578, 1458, 2549, 1925, 2673, 1948, 2583, 2119, 2400, 2377,
       2410, 2589,  439,  886, 1752, 1735,  930, 2811, 3128, 3320, 3156,
       2634,  162, 2814, 2357,  558, 1036, 1085,  994,  688, 2432, 2710,
       2024,  135, 2905, 3287, 1917, 2546,  313, 2051, 1068, 3111,  106,
       1785,  126, 3285,  204, 1482, 2399, 2578, 2134, 1886, 2637, 1963,
        180, 2465, 1094,    9,  430, 3104,   52, 2186,  676, 2384, 1256,
         36, 2444, 3206,  957, 3159, 2105, 3143, 2032,   92,  961,  581,
       1905,  928,  350, 3314, 1340, 3094, 3317, 1442, 2318,  755, 1854,
       3164, 2577, 1002, 2663, 2712, 1957, 2508, 1822, 1814, 2484,  902,
       3067,  452, 1163, 2218, 2627, 3057, 1204, 1565,  470,   42, 1789,
       2283, 3247, 2655, 2313, 1407,  767,   66,  355, 1041, 2248,  868,
        322, 2131,  805]), array([ 218, 2711, 1297,  664, 2494, 2056, 2757, 2295, 3034, 1741, 2525,
       1368,  212, 1543, 1024,  981, 1250, 2570, 2705, 1522, 2404, 2107,
       2630, 1189, 2440, 1471, 1075, 1399, 2634, 1600, 2870, 2304, 1952,
        778,  837, 1956, 2124,  677,  443,   48, 3095,  151, 2203,  650,
       1590, 2636, 3254, 2019,  895,  304, 2182,  192, 2270, 1181, 2458,
        992, 1706, 1567, 2646,  276, 2084, 2143, 2098, 1635,  190,  483,
        602, 1881, 2706, 2756, 1142, 1511,  380, 1703, 2636, 2567, 2611,
       2198, 2101, 2685,  502, 3298, 2569,  888, 2500, 1221, 1255,   27,
       1497, 2823,  621, 2704, 2892, 1249, 1566, 1530, 1317, 1277, 1295,
         13,   69, 2026,   66, 1092, 2880, 2864,  280, 1550, 3166,  894,
       3255, 2625, 1391,  369,  247,  615, 1859, 2685,  187, 2241,  326,
       2738,  239, 1293,  294, 2702,  480, 1650, 3135, 3048, 1411, 1443,
        829, 3000,  245,  128,  964,  835, 1362, 1622, 2945,  375,  948,
       3053,  390,   44, 2523,  969, 3301, 2136,  110, 2530, 1547, 3057,
       1431,  837, 2495, 2594, 1265, 2495,  932, 1382, 1268, 3087, 2846,
       3195,  219, 3010,  955, 2723, 1397, 1767, 2305,  169, 2486, 3074,
       2817, 1975, 1128, 3199,  857, 1572,  920,   72, 1253,  247, 2594,
       2919, 2884, 2165, 1933, 1787, 2684, 2389, 1938,  193, 3102,  404,
        728, 1096, 1867, 2164,   59, 2092,  859, 1679, 1663, 3062, 1435,
       1020, 1538,   23, 2847, 1400, 1443, 1370, 2909,  745, 2535, 2196,
       2130, 1212, 3065,  601,  965,   12, 3079, 1126,  276, 3265, 1172,
       2623, 1370,  155,  938, 2853,   58, 1918, 1812, 1853, 1995, 1216,
       3237, 2756, 2464, 2665, 1261, 2982, 1531, 2248,  372, 2619, 1375,
       2005, 2328, 2427]))
[0, 1, 1, 1, 0, 1, 0, 0, 0, 1, 1, 0, 0, 1, 0, 1, 0, 1, 1, 1, 1, 0, 0, 0, 0, 1, 1, 1, 0, 1, 0, 0, 0, 0, 1, 0, 0, 0, 0, 0, 0, 1, 1, 0, 1, 0, 0, 1, 0, 1, 1, 0, 1, 1, 1, 0, 0, 1, 1, 1, 0, 0, 0, 0, 0, 1, 1, 1, 0, 1, 0, 1, 0, 1, 1, 0, 1, 1, 0, 0, 0, 1, 1, 0, 0, 1, 0, 1, 0, 1, 1, 1, 0, 1, 0, 0, 0, 1, 1, 1, 1, 0, 0, 1, 0, 1, 1, 0, 1, 0, 0, 1, 0, 1, 1, 1, 0, 1, 0, 1, 0, 0, 1, 0, 0, 0, 1, 1, 1, 0, 0, 1, 1, 0, 1, 0, 0, 1, 1, 0, 1, 1, 0, 1, 0, 1, 1, 1, 0, 0, 1, 0, 0, 1, 1, 0, 0, 1, 1, 1, 0, 1, 1, 1, 0, 1, 0, 0, 0, 1, 1, 0, 1, 1, 1, 0, 0, 1, 1, 0, 0, 1, 0, 0, 0, 1, 1, 1, 0, 1, 0, 1, 0, 0, 1, 0, 1, 0, 1, 1, 0, 1, 1, 0, 1, 0, 0, 1, 0, 1, 1, 1, 1, 0, 0, 0, 0, 1, 1, 0, 0, 1, 0, 1, 0, 1, 1, 1, 0, 1, 1, 0, 0, 1, 1, 0, 1, 0, 1, 0, 0, 1, 1, 1, 0, 0, 1, 0, 0, 1, 1, 0, 0, 0, 1, 1]
(array([2292, 2567,  888, 1213, 2602, 2429, 2723,   26, 2825, 1861,  296,
       2725, 2898,  499,  907, 2853, 1574,  328, 2662,  691, 2401, 1809,
        153, 1267, 1085, 1622, 1391, 1493,  656, 2204,  810, 1972, 1653,
       1582, 2263, 1866,  650, 1174,  584, 2133, 1575, 1994, 2330, 3037,
       3243,    4,  680, 1227, 1129, 2544,  557, 1067, 1415, 3153,  309,
        842, 2321, 1218, 2943, 2711, 1563, 1385, 1122, 1545, 1163, 1719,
       3051, 1954, 1567, 1861, 2847, 2520,   66, 2258, 1644, 2918, 3301,
       3133,  964, 1387, 2750, 1768, 1583, 1675,  586, 1533, 2925, 1616,
         87, 3012, 2923, 1821,    8, 1767,  887,  887, 1941, 2653, 2345,
        592, 1124, 1576, 1535, 2686,  232,  430, 2060,  899, 3059, 1298,
       2664,  843,  445, 1815, 1466, 2702, 2931, 2920, 2433, 2767, 2848,
       1819,  933, 2791, 2780, 2692,  557, 2467, 1827, 1461, 2229,  923,
       3276, 2262, 2730, 3102, 1471, 1976, 1192, 2982,  654, 2313, 2613,
       1665, 2302,  475, 1806,  510,  264, 1066, 3117, 2658, 1167, 3031,
       1490,  948, 1473, 3255, 1194, 2019, 3262, 1689, 1125, 1283, 1923,
        711, 3272, 2077, 1286, 2284, 1707, 2096, 1339, 2075, 1585, 1946,
        458, 3109, 1203, 1499,  516, 3050, 2650, 2938, 1345, 3074, 2394,
       1663, 2753, 2908, 1593,  240, 2023,   37, 1897, 1581, 2587, 1989,
       2388, 2014, 2724, 2842, 2272, 2902,  372, 3172, 2311, 3189,  471,
       2777, 2789, 1890, 3205, 1370, 1276, 2282, 2642,  286, 1722, 1109,
       1929, 1313, 2502, 1479,  933, 2620, 2668, 2244,  578, 1753, 2786,
        575,  393,  334, 1448, 2869,  154, 1494, 1328,  155, 1311, 3038,
       2283, 2449, 1774, 1333, 1864,  731,  597, 1087, 1450, 2362,  611,
       2430,  464,  536]), array([2220,  654, 1156, 3018, 2015,  486, 1587, 1688, 2759, 1841, 2708,
       2065, 1697,  426,  807,  106, 2417, 3138, 1800,  219, 2725, 2099,
       2818,  247, 1868,  806,  359, 2665, 1084, 2280,  575, 2661, 1399,
       3073,  107,  142,  265, 1237, 2517,  152, 1626, 2176,  270,  423,
       2432, 1628, 3000,  736, 2116, 1871, 1516, 1652,  828,  244, 2441,
       2427,   82,  431, 3198, 2105, 2739, 2302, 1326, 2100, 2770,  810,
        970,  276,  881, 2930, 2878, 3190, 2038,  516, 2711, 1944, 1108,
       2953,  219, 2086, 2397, 3307,  351, 1611, 2131, 2242, 2812, 2718,
       1005, 3287, 2289, 1689,  434, 1482, 2394, 2022, 1443, 1321, 3309,
        239, 1744, 1580, 2775,  273, 1976, 2575,  106, 1943, 2060, 2299,
       2899, 1044, 2908,   64, 1194, 2710, 2331,  601,  627,  663,   61,
       2970, 1270,  758, 1412, 2455,  750, 1579, 1375, 1584, 2452,  805,
       2744,  397, 2054, 1501, 3142,  617, 1002, 2522, 2066, 3026, 1426,
        719, 1158, 1816, 1231,  108, 1107, 2903,  676, 2950,  843, 3041,
       1819, 2362, 2464, 3058, 2667,  577,  215,  641, 2836, 2265, 1423,
       2171, 3150, 2824, 2418, 2890, 3233, 2511,  733, 1653, 1104, 1573,
        770,  227, 2718, 2374, 2816,  229, 2745, 1984, 2197, 2758, 1314,
       2773, 2678, 3022, 1509, 1185, 1570,  412, 3060, 1982, 3222,  265,
       2590, 2784, 1094, 2441, 1809, 3072, 2316,   20, 1085,  342,  443,
       1050, 2099, 2081, 2977, 2507,   22,  949, 2568,  407,   40, 1731,
       2649, 2810, 3135, 1428, 2876, 1605,   21, 3155, 2623, 3251,  833,
        462,  998, 2385, 1926, 1837, 2854, 2121, 1170, 2889, 1543,  527,
        681, 2390,    5, 2488, 2868, 2769, 2268, 1574,  356,  854, 3310,
        142,  244, 2493]))
[0, 1, 1, 1, 0, 1, 0, 0, 0, 1, 1, 0, 0, 1, 0, 1, 0, 1, 1, 1, 1, 0, 0, 0, 0, 1, 1, 1, 0, 1, 0, 0, 0, 0, 1, 0, 0, 0, 0, 0, 0, 1, 1, 0, 1, 0, 0, 1, 0, 1, 1, 0, 1, 1, 1, 0, 0, 1, 1, 1, 0, 0, 0, 0, 0, 1, 1, 1, 0, 1, 0, 1, 0, 1, 1, 0, 1, 1, 0, 0, 0, 1, 1, 0, 0, 1, 0, 1, 0, 1, 1, 1, 0, 1, 0, 0, 0, 1, 1, 1, 1, 0, 0, 1, 0, 1, 1, 0, 1, 0, 0, 1, 0, 1, 1, 1, 0, 1, 0, 1, 0, 0, 1, 0, 0, 0, 1, 1, 1, 0, 0, 1, 1, 0, 1, 0, 0, 1, 1, 0, 1, 1, 0, 1, 0, 1, 1, 1, 0, 0, 1, 0, 0, 1, 1, 0, 0, 1, 1, 1, 0, 1, 1, 1, 0, 1, 0, 0, 0, 1, 1, 0, 1, 1, 1, 0, 0, 1, 1, 0, 0, 1, 0, 0, 0, 1, 1, 1, 0, 1, 0, 1, 0, 0, 1, 0, 1, 0, 1, 1, 0, 1, 1, 0, 1, 0, 0, 1, 0, 1, 1, 1, 1, 0, 0, 0, 0, 1, 1, 0, 0, 1, 0, 1, 0, 1, 1, 1, 0, 1, 1, 0, 0, 1, 1, 0, 1, 0, 1, 0, 0, 1, 1, 1, 0, 0, 1, 0, 0, 1, 1, 0, 0, 0, 1, 1]
File: data/raw/potw2049a.jpg
Total bits: 49040408
Blocks used: 191564 (each block is n = 256 bits)

=== Schoolbook ===
total_blocks: 191564
block_success_rate: 1.0
bit_accuracy: 1.0
mismatch_examples: []

=== NTT ===
total_blocks: 191564
block_success_rate: 1.0
bit_accuracy: 1.0
mismatch_examples: []

=== Comparison (NTT - Schoolbook) ===
block_success_rate diff: 0.0
bit_accuracy diff: 0.0